Player,Charlie Curnow,Harry McKay,Corey Durdin,Jesse Motlop,Lachie Fogarty,Will White,Zac Williams,Adam Cerra,Blake Acres,Cooper Lord,George Hewett,Patrick Cripps,Sam Docherty,Sam Walsh,Tom De Koning,Adam Saad,Lachlan Cowan,Matthew Carroll,Mitch McGovern,Nick Haynes,Oliver Hollands,Jack Silvagni,Jacob Weitering,Lewis Young
Charlie Curnow,1.000,-0.084,0.502,0.015,-0.352,-0.202,0.224,-0.094,0.041,0.134,-0.306,0.165,0.129,0.033,-0.528,-0.167,0.443,-0.319,0.222,0.081,0.057,-0.048,-0.480,0.386
Harry McKay,-0.084,1.000,-0.150,-0.320,0.307,-0.407,-0.125,-0.095,0.266,-0.289,-0.276,0.153,-0.013,-0.346,0.131,-0.519,0.270,0.362,-0.490,0.000,0.114,-0.111,0.112,-0.525
Corey Durdin,0.502,-0.150,1.000,0.472,-0.147,0.334,-0.016,0.310,0.478,-0.343,0.236,-0.273,0.226,-0.497,-0.159,0.076,0.001,0.019,0.327,-0.130,-0.262,-0.310,-0.017,-0.321
Jesse Motlop,0.015,-0.320,0.472,1.000,-0.302,-0.089,0.103,0.107,0.211,0.019,0.270,-0.007,-0.170,-0.354,-0.120,-0.104,0.373,0.229,0.078,-0.245,-0.135,0.065,-0.458,-0.308
Lachie Fogarty,-0.352,0.307,-0.147,-0.302,1.000,0.149,0.106,0.074,0.166,0.062,0.323,-0.027,0.319,0.371,0.029,-0.180,0.399,0.435,-0.052,0.304,0.012,-0.100,0.425,-0.080
Will White,-0.202,-0.407,0.334,-0.089,0.149,1.000,-0.123,0.010,-0.318,-0.436,0.166,-0.147,-0.003,0.374,-0.277,0.257,-0.680,-0.079,0.396,0.318,-0.573,0.156,0.651,0.386
Zac Williams,0.224,-0.125,-0.016,0.103,0.106,-0.123,1.000,-0.376,0.392,0.362,-0.037,-0.160,0.502,-0.154,-0.624,-0.291,0.036,-0.497,-0.070,-0.090,0.249,-0.309,-0.267,0.148
Adam Cerra,-0.094,-0.095,0.310,0.107,0.074,0.010,-0.376,1.000,0.144,0.098,0.417,0.195,-0.046,-0.135,0.035,0.421,0.469,0.037,0.618,-0.084,0.133,-0.414,0.194,0.318
Blake Acres,0.041,0.266,0.478,0.211,0.166,-0.318,0.392,0.144,1.000,-0.032,0.488,-0.334,0.230,-0.097,-0.089,0.175,0.186,0.328,0.123,-0.070,0.347,0.474,0.048,0.137
Cooper Lord,0.134,-0.289,-0.343,0.019,0.062,-0.436,0.362,0.098,-0.032,1.000,-0.268,-0.038,0.518,0.324,-0.007,0.152,0.120,-0.307,0.155,-0.048,0.352,-0.376,-0.318,-0.222
George Hewett,-0.306,-0.276,0.236,0.270,0.323,0.166,-0.037,0.417,0.488,-0.268,1.000,-0.005,0.074,-0.037,-0.067,0.132,0.146,0.198,0.325,0.347,0.031,0.274,0.181,0.531
Patrick Cripps,0.165,0.153,-0.273,-0.007,-0.027,-0.147,-0.160,0.195,-0.334,-0.038,-0.005,1.000,-0.493,-0.383,0.051,0.178,0.375,-0.047,0.091,0.128,-0.037,-0.182,0.133,0.056
Sam Docherty,0.129,-0.013,0.226,-0.170,0.319,-0.003,0.502,-0.046,0.230,0.518,0.074,-0.493,1.000,0.536,-0.464,0.073,-0.135,0.403,0.153,0.108,0.320,-0.088,-0.170,-0.352
Sam Walsh,0.033,-0.346,-0.497,-0.354,0.371,0.374,-0.154,-0.135,-0.097,0.324,-0.037,-0.383,0.536,1.000,0.136,0.302,-0.382,-0.130,0.339,0.315,0.065,0.397,-0.003,0.306
Tom De Koning,-0.528,0.131,-0.159,-0.120,0.029,-0.277,-0.624,0.035,-0.089,-0.007,-0.067,0.051,-0.464,0.136,1.000,0.231,-0.324,-0.073,-0.376,0.066,-0.138,0.154,0.323,-0.411
Adam Saad,-0.167,-0.519,0.076,-0.104,-0.180,0.257,-0.291,0.421,0.175,0.152,0.132,0.178,0.073,0.302,0.231,1.000,-0.367,0.077,0.370,0.021,0.263,0.126,0.383,0.063
Lachlan Cowan,0.443,0.270,0.001,0.373,0.399,-0.680,0.036,0.469,0.186,0.120,0.146,0.375,-0.135,-0.382,-0.324,-0.367,1.000,0.717,0.238,0.291,0.435,0.109,-0.344,-0.113
Matthew Carroll,-0.319,0.362,0.019,0.229,0.435,-0.079,-0.497,0.037,0.328,-0.307,0.198,-0.047,0.403,-0.130,-0.073,0.077,0.717,1.000,-0.140,-0.144,0.065,0.678,0.307,-0.351
Mitch McGovern,0.222,-0.490,0.327,0.078,-0.052,0.396,-0.070,0.618,0.123,0.155,0.325,0.091,0.153,0.339,-0.376,0.370,0.238,-0.140,1.000,0.049,0.193,-0.251,-0.048,0.549
Nick Haynes,0.081,0.000,-0.130,-0.245,0.304,0.318,-0.090,-0.084,-0.070,-0.048,0.347,0.128,0.108,0.315,0.066,0.021,0.291,-0.144,0.049,1.000,0.210,0.037,0.148,0.147
Oliver Hollands,0.057,0.114,-0.262,-0.135,0.012,-0.573,0.249,0.133,0.347,0.352,0.031,-0.037,0.320,0.065,-0.138,0.263,0.435,0.065,0.193,0.210,1.000,-0.024,-0.076,-0.059
Jack Silvagni,-0.048,-0.111,-0.310,0.065,-0.100,0.156,-0.309,-0.414,0.474,-0.376,0.274,-0.182,-0.088,0.397,0.154,0.126,0.109,0.678,-0.251,0.037,-0.024,1.000,0.201,0.318
Jacob Weitering,-0.480,0.112,-0.017,-0.458,0.425,0.651,-0.267,0.194,0.048,-0.318,0.181,0.133,-0.170,-0.003,0.323,0.383,-0.344,0.307,-0.048,0.148,-0.076,0.201,1.000,0.023
Lewis Young,0.386,-0.525,-0.321,-0.308,-0.080,0.386,0.148,0.318,0.137,-0.222,0.531,0.056,-0.352,0.306,-0.411,0.063,-0.113,-0.351,0.549,0.147,-0.059,0.318,0.023,1.000
