Player,Josh Treacy,Jye Amiss,Patrick Voss,Isaiah Dudley,Michael Frederick,Murphy Reid,Sam Switkowski,Shai Bolton,Andrew Brayshaw,Caleb Serong,Corey Wagner,Jaeger O'Meara,Jeremy Sharp,Matthew Johnson,Nathan O'Driscoll,Neil Erasmus,Luke Jackson,Sean Darcy,Bailey Banfield,Heath Chapman,Jordan Clark,Karl Worner,Luke Ryan,Alex Pearce,Brennan Cox
Josh Treacy,1.000,0.087,-0.001,0.315,-0.063,-0.124,0.098,0.117,0.122,0.327,-0.009,-0.130,-0.290,0.061,-0.181,-0.035,-0.030,-0.313,0.073,0.176,0.349,-0.070,0.160,-0.169,0.072
Jye Amiss,0.087,1.000,0.117,0.451,-0.233,0.318,0.710,0.416,0.116,-0.129,0.225,-0.273,-0.471,0.120,0.208,0.036,0.352,-0.600,0.127,0.361,0.032,-0.058,0.109,-0.217,-0.101
Patrick Voss,-0.001,0.117,1.000,0.162,-0.297,0.193,-0.391,-0.102,-0.321,0.456,0.088,0.760,-0.099,-0.283,0.204,0.323,0.296,0.186,0.115,0.217,-0.179,0.276,0.130,-0.248,0.191
Isaiah Dudley,0.315,0.451,0.162,1.000,-0.057,0.569,0.158,-0.144,-0.271,0.098,-0.085,-0.155,-0.220,-0.107,-0.246,-0.299,-0.084,-0.028,0.556,0.244,-0.353,-0.176,0.133,-0.193,-0.041
Michael Frederick,-0.063,-0.233,-0.297,-0.057,1.000,0.011,-0.145,0.097,-0.095,-0.113,-0.152,-0.042,0.081,-0.018,0.232,0.192,-0.209,0.472,-0.035,-0.037,-0.301,-0.144,-0.252,-0.557,-0.377
Murphy Reid,-0.124,0.318,0.193,0.569,0.011,1.000,0.355,0.091,-0.165,0.007,-0.300,-0.279,-0.053,-0.442,-0.032,0.029,-0.192,-0.013,0.278,0.158,-0.557,-0.122,-0.240,-0.343,-0.246
Sam Switkowski,0.098,0.710,-0.391,0.158,-0.145,0.355,1.000,0.647,0.307,-0.087,-0.112,-0.535,-0.596,-0.312,-0.107,-0.104,0.246,-0.387,0.021,0.438,0.263,-0.473,0.067,-0.428,-0.218
Shai Bolton,0.117,0.416,-0.102,-0.144,0.097,0.091,0.647,1.000,0.756,0.173,0.314,-0.209,-0.562,0.229,0.322,-0.147,0.450,-0.555,-0.082,0.247,0.004,-0.032,-0.361,-0.444,-0.293
Andrew Brayshaw,0.122,0.116,-0.321,-0.271,-0.095,-0.165,0.307,0.756,1.000,0.336,0.118,-0.299,-0.192,0.016,-0.094,-0.268,0.259,-0.408,-0.410,0.240,0.298,0.055,-0.199,-0.024,-0.010
Caleb Serong,0.327,-0.129,0.456,0.098,-0.113,0.007,-0.087,0.173,0.336,1.000,-0.195,0.144,-0.185,-0.390,-0.318,0.441,0.048,-0.018,-0.033,0.339,0.141,-0.145,0.165,-0.131,0.127
Corey Wagner,-0.009,0.225,0.088,-0.085,-0.152,-0.300,-0.112,0.314,0.118,-0.195,1.000,0.171,-0.009,0.478,0.937,-0.334,0.505,-0.268,-0.346,-0.037,-0.092,0.285,-0.043,-0.261,-0.273
Jaeger O'Meara,-0.130,-0.273,0.760,-0.155,-0.042,-0.279,-0.535,-0.209,-0.299,0.144,0.171,1.000,-0.158,0.212,0.140,0.185,0.535,0.580,0.063,-0.290,0.039,-0.247,-0.008,0.165,0.481
Jeremy Sharp,-0.290,-0.471,-0.099,-0.220,0.081,-0.053,-0.596,-0.562,-0.192,-0.185,-0.009,-0.158,1.000,-0.191,-0.154,-0.675,-0.752,0.564,-0.042,0.051,-0.055,0.143,0.024,0.632,0.411
Matthew Johnson,0.061,0.120,-0.283,-0.107,-0.018,-0.442,-0.312,0.229,0.016,-0.390,0.478,0.212,-0.191,1.000,0.614,-0.591,-0.084,-0.175,0.035,-0.326,0.165,0.270,0.214,0.029,0.100
Nathan O'Driscoll,-0.181,0.208,0.204,-0.246,0.232,-0.032,-0.107,0.322,-0.094,-0.318,0.937,0.140,-0.154,0.614,1.000,-0.004,0.011,0.073,-0.348,0.175,-0.259,0.165,0.105,-0.648,-0.358
Neil Erasmus,-0.035,0.036,0.323,-0.299,0.192,0.029,-0.104,-0.147,-0.268,0.441,-0.334,0.185,-0.675,-0.591,-0.004,1.000,0.185,0.223,-0.040,0.230,-0.072,-0.133,-0.017,-0.446,-0.044
Luke Jackson,-0.030,0.352,0.296,-0.084,-0.209,-0.192,0.246,0.450,0.259,0.048,0.505,0.535,-0.752,-0.084,0.011,0.185,1.000,-0.075,0.039,0.145,0.096,0.141,-0.356,-0.442,-0.189
Sean Darcy,-0.313,-0.600,0.186,-0.028,0.472,-0.013,-0.387,-0.555,-0.408,-0.018,-0.268,0.580,0.564,-0.175,0.073,0.223,-0.075,1.000,0.167,-0.464,-0.086,-0.073,-0.160,-0.135,-0.178
Bailey Banfield,0.073,0.127,0.115,0.556,-0.035,0.278,0.021,-0.082,-0.410,-0.033,-0.346,0.063,-0.042,0.035,-0.348,-0.040,0.039,0.167,1.000,-0.052,-0.346,0.147,-0.124,-0.148,0.154
Heath Chapman,0.176,0.361,0.217,0.244,-0.037,0.158,0.438,0.247,0.240,0.339,-0.037,-0.290,0.051,-0.326,0.175,0.230,0.145,-0.464,-0.052,1.000,0.067,0.144,0.239,0.088,0.245
Jordan Clark,0.349,0.032,-0.179,-0.353,-0.301,-0.557,0.263,0.004,0.298,0.141,-0.092,0.039,-0.055,0.165,-0.259,-0.072,0.096,-0.086,-0.346,0.067,1.000,-0.231,0.376,0.306,0.340
Karl Worner,-0.070,-0.058,0.276,-0.176,-0.144,-0.122,-0.473,-0.032,0.055,-0.145,0.285,-0.247,0.143,0.270,0.165,-0.133,0.141,-0.073,0.147,0.144,-0.231,1.000,-0.095,0.203,0.132
Luke Ryan,0.160,0.109,0.130,0.133,-0.252,-0.240,0.067,-0.361,-0.199,0.165,-0.043,-0.008,0.024,0.214,0.105,-0.017,-0.356,-0.160,-0.124,0.239,0.376,-0.095,1.000,0.303,0.534
Alex Pearce,-0.169,-0.217,-0.248,-0.193,-0.557,-0.343,-0.428,-0.444,-0.024,-0.131,-0.261,0.165,0.632,0.029,-0.648,-0.446,-0.442,-0.135,-0.148,0.088,0.306,0.203,0.303,1.000,0.731
Brennan Cox,0.072,-0.101,0.191,-0.041,-0.377,-0.246,-0.218,-0.293,-0.010,0.127,-0.273,0.481,0.411,0.100,-0.358,-0.044,-0.189,-0.178,0.154,0.245,0.340,0.132,0.534,0.731,1.000
